3275060459
3277416566
3277709718
3278482507
3279640818
3281653061
3281774771
3282276626
3283819933
3283831040
3284067782
3285106530
3285720709
3286476486
3287407048
3287769244
3293437485
3294983713
3295429291
3295782631
3296543474
3297381284
3297796618
3298293451
3299956029
3303743696
3305038022
3313990688
3316292521
3319416025
3321521358
3321838014
3322428023
3324234282
3331500753
3334584916
3335372517
3336999108
3337906807
3341210959
3341274783
3341374073
3343029129
3343320334
3343624906
3343989895
3345158183
3345266573
3346279334
3346318229
3346918947
3354490402
3357125391
3358667560
3358669972
3358718112
3361074929
3362952283
3365256099
3370688565
3370709944
3372885855
3374011054
3375031297
3377422105
3377606148
3385487827
3386793388
3396202044
3397941873
3400556053
3406669083
3410576524
3412229216
3414042910
3415579926
3417480537
3417647963
3418216697
3419012465
3419179568
3420372304
3421130054
3421171018